f_0,f_1,f_2,f_3,f_4,f_5,f_6,f_7,f_8,Potability
-1.0375439764591026,-1.6144273193744993,0.04066255677529263,1.352470216673022,0.9638940450451193,0.10992445902097542,-0.832074148778465,-0.8762171189659537,0.22517083259567777,0
-0.02911655665188402,-0.963430133087017,1.2377509828545723,-0.4983911805470256,-1.3392548035121785,1.22034148002861,0.46117884066669623,-0.4153445268589149,-0.611670764172307,1
0.09559181060370449,0.16461361401361913,-0.842592820286289,-0.22955618668004757,-0.5472539956767145,1.3140614939736552,-0.032570834349991584,1.0496988255548958,-0.2460303777431198,0
0.0187214701569234,-0.15767755683373536,0.3807863122265599,-0.31088866596518444,-0.40244333730170945,-0.10975356787530853,-0.4411516674811278,0.7671776534232095,0.6923499470643071,1
1.6852181341812242,0.16511384732925907,-1.0040654802064335,-0.8059260897194793,-0.1836594962414125,0.06378142014048992,-0.05521397524542917,-0.1742491515572594,-0.2721484745208281,0
-0.02911655665188402,-0.4569151989524325,-0.2940615451225535,0.14014183643842626,-0.021891366653497363,-1.8924617282959373,-0.06905034438641246,-0.6000301752101382,-1.7466053176308665,1
1.248166579889087,-1.8445776965912446,0.6867456274152789,3.3085191318877802,-0.021891366653497363,-0.15506446052772618,-0.7185385231636269,0.18958080408620148,0.23450820910482265,1
-2.1869758792599416,1.1198233042610541,1.166901192212804,-0.06752001827624786,0.40697671628607823,-1.9571518749484493,-1.414174377761568,-0.16200317600502137,-0.09139112770925434,0
-0.7759277752974599,-0.28894167268004556,1.0193649605070971,0.1125032290628073,0.1484910560314732,-1.2851169812332146,-0.5058469772469804,0.37627673802906153,-0.07634876564229692,0
1.1852961235322137,-0.6015014310966729,-1.1030285036210974,0.23464853117791062,-0.346641267861814,-0.4046061881263208,-0.557449515940348,-0.027969937212395716,-0.0763896812499148,1
-0.02911655665188402,-0.8569630715451277,0.48545299055256474,1.2126022726573022,2.518708136369298,0.21127414062809594,-1.1049705986008458,-0.9107597849369518,-0.1037110105144751,1
-0.16264088477339644,-0.060779545062030114,0.1970184027864798,0.6862253680590441,0.362724894651255,0.13587393572056652,0.10255327371751191,1.4334364963604558,0.4462612007867592,0
-2.352210814707115,0.13724357123129738,0.7075411583013972,-0.8930996031757524,-0.1028885707160503,-1.6896454048894594,0.9542676909154233,0.5547380762093892,-0.8480579143067702,0
0.943948730629064,0.12715675028494403,-0.7926872358610463,0.17438410642428967,-0.021891366653497363,0.7012719667034539,0.7529861476922197,-0.8314289512591505,0.31921608260090845,0
-0.3322696582401826,-0.5275315805309249,0.5132195114119508,1.3878801964195275,-0.021891366653497363,0.8402114660939507,-0.46501963328379564,0.7541712278577395,0.6186438046835838,1
-1.4336089804720087,-1.0976411097836019,0.6070859629269207,2.792788685264321,-1.2164930233633837,-1.5403813552001904,0.6811873082610784,0.27692357401253265,-0.39790780863503783,0
1.3224999398572685,-1.2263218266767062,0.3432846469085262,0.3379699716262927,2.3026042054670546,-1.053559110114054,-0.21868576584539204,-0.24030799795452334,-0.4482941377084455,0
-0.8426997242841937,0.33883993098689474,0.041744632220868653,-0.3172276396603578,0.5238919644800715,0.4611667046976391,0.15659708630652192,0.7264302872971731,0.9228361265328449,0
0.3252037779547885,0.22201253348335662,-0.11610282110692308,0.6333350256562782,0.008447242454237414,1.2833676618101326,-0.025838446008635663,0.525516526238742,-1.0282545932767766,0
-0.02911655665188402,0.7614474499567793,-1.1276127322068439,-0.2799428942843466,-0.021891366653497363,-0.45574970927629316,-0.41204306171523924,0.019781584577648004,-0.8920302008647315,0
-0.02911655665188402,0.9631593236230761,-0.37317458920691715,-0.7527542407422045,-0.021891366653497363,0.5804908763615212,-0.19654140828676425,-0.7457197200263183,0.1922940585716067,0
-0.8124277580174424,0.575240073209655,-0.9989724805223539,0.42922866308956736,0.026765252631232687,-1.785149625229275,0.10977660181450503,-0.6931002684456977,2.1599867625564446,1
-1.1819175250479768,0.1443645009842928,-0.28032495096669957,-2.429079441748797,1.4136812719711218,-0.961938686816048,-0.2636746482523964,0.019781584577648004,-0.4268310400163304,1
-0.8447767466177901,-1.1299807946320504,-0.6340161608508954,-0.8285317703194901,-0.021891366653497363,1.1958721655145237,-0.9895669729372726,0.8189356807651454,1.7142404783714438,0
-0.02911655665188402,0.35835405199969106,0.06445916653695893,-1.0677907633324821,0.12068345283318878,1.3892434088917154,-1.3153059315391114,1.1521907155039257,-0.489165068871226,0
-0.02911655665188402,0.27272935911293184,0.3345266769834747,0.07840125253140341,-0.120104684616515,-0.5165403021500355,-1.5447857285635331,0.21407301632782785,0.35913647467329973,0
-1.1420138505436828,1.0574337855711788,-0.7848639819432083,1.3070979052470504,2.1206893753494858,0.25465411747865,-1.055378839674557,-0.04809730392498735,-0.1280873735455737,1
-1.2978054030256865,1.1040040529457815,-0.46123032156721316,0.12455200677407147,-0.021891366653497363,-0.2983828197178353,-0.4408323637163229,-0.6822493751917866,-0.6889106240583324,1
0.636890043034274,0.7921171470864353,-0.4252682790925681,1.039080893039965,-0.5353407189348838,0.3052665574104483,-0.6833750737955745,0.7723027310672962,-0.8187538558734675,0
0.8966224193833909,1.1646459033336074,0.6452166747356983,-0.8933002776573377,0.799891529080021,1.119659483907125,0.04876138544525467,-0.6740357199835931,-1.2849887796065032,0
2.977243886613854,-0.3020943198435311,-1.0820814152249325,-0.023036035957497626,-0.330683311520667,0.9339097298767364,0.5942187734702187,0.6841173889030743,1.53875861257588,0
0.4281484210560937,1.1364004751576449,-0.023754894418653257,-0.4961922214560637,0.182122312083029,0.5430544697223646,0.02380800504870319,-1.8761280486992506,-0.32642077791008234,0
-0.5271122759744615,-0.907802606140137,-0.3954517470079512,0.6126544938779193,-0.021891366653497363,0.10828593628700652,-0.42908524736348946,0.08443507413167778,-0.04351835825279868,0
4.278043122610183,-1.3324464476499596,-0.3877577913376806,-0.24163259559841083,0.03171189981585979,0.2790832910525439,0.8700120486661913,1.235069370105247,-1.8605408715671927,0
-1.4521570353063478,1.3452195996039442,0.2603559174367962,-0.9485687606143268,-0.021891366653497363,-0.3720407009861301,-2.4937514383197072,-0.2455187779338837,-0.689606220173673,1
2.5922140769103956,2.655580306793216,-0.7613881233766141,-1.5380013857636168,0.012713192492327241,-0.09369448855878623,-0.49050416955974097,0.3654697697113334,0.03922679094681696,0
1.6049335629405186,-1.5444726156416382,-0.9896665935856379,1.4729728842466756,-0.6434593384286885,2.027325449208927,-1.7316417075806925,0.710953167140617,-0.1271331200762908,1
-0.11544010840693239,0.26623960302716954,-0.2666602096205104,-0.36490133388779883,-0.021891366653497363,0.5794366325736493,0.40984364894786124,-0.7795795668835769,0.5926478197303646,1
-1.3097630241967204,-2.7931083020734335,-0.20647299490134471,-0.11841342610547229,-0.021891366653497363,-0.7321801400553963,0.2481798901732918,2.0410589332540567,-0.9936592230435244,0
-0.09076363792882992,0.2858300426823781,-0.30338612223059697,0.11557974879513866,-1.397160696649341,0.38177796840539346,1.0895088501019157,-0.973742496977141,-1.216039337120894,0
-0.02911655665188402,-1.5309401964673495,0.42576667799334234,0.12925872995265472,-0.021891366653497363,0.44351479731724885,-1.8078565015040953,0.1698111282903576,-0.5040760768632061,0
0.16986401232640533,0.8114769036207026,-1.1771228720659508,1.1240066688316546,-0.021891366653497363,0.8130270314338285,1.1587184355047917,0.46726324296934035,1.1698818451423891,0
1.189160326463871,-0.0230478310763628,-1.1667627867327273,0.4828783496124649,-0.026822811078234088,1.0690460003632096,-0.6150011212058325,1.3325945394544134,-2.4331390768711403,1
-0.9530668266084847,-0.2890428379027484,-1.1004616254077682,0.7460236703503024,0.496342834316844,1.8392494848887284,0.01101762686090875,0.019781584577648004,-0.8117836419112885,0
-0.7767997482779545,-0.05440567781222665,-0.5144545958459912,-1.6574613517957957,1.9711304793434505,-0.26383513467247166,-0.8427486065176882,-1.1444582533827774,0.262308028124611,1
-1.1483075736627795,-0.32488957114171085,-0.4382230242827009,-0.4409374988993165,3.1614883102239593,-1.1854173812425126,-2.001515327766327,0.06456672344519446,1.6132377095307406,0
0.5264859524987603,-0.380762659349573,-0.3714206230769606,0.19421145001115048,-0.021891366653497363,-0.7844233245959161,0.9876269445960812,-4.13764992204044,0.3170360674763745,0
-0.6825123449908563,-0.3727779419645914,-0.44314578131975957,0.10899732745232553,-0.021891366653497363,-1.1496705769404991,-2.019804362350047,-0.4612505084259192,-0.7617915187392359,1
-0.25317805844469965,-0.12619001611570302,0.04763617593408746,0.2190557872250422,-0.021891366653497363,-1.2556775066641994,-0.7556604970246807,0.019781584577648004,0.49702208875242093,0
-0.34103934345950027,-0.6676753464231215,-0.030617435126055654,-0.32756442982731704,-0.6893950608872007,2.827542115550666,-1.592850682251601,0.15879837356991428,-0.49167773613081145,1
0.4846303886634182,0.12561138271621597,-0.7026005557690208,0.07379803888797866,-0.021891366653497363,1.1299084265761234,-0.3209386006667455,0.8224803562705096,-1.9357978589882263,1
0.9052644072549685,-1.324646881330177,-0.6764288501439103,2.515104595583565,-0.12767264603562462,0.03648515045904145,-0.6059057781148746,-0.8631596519392369,-0.01951980653687726,1
-2.08199380439636,0.11551989959007687,0.442434628528271,0.7797465767226148,-0.021891366653497363,-0.17320680595984944,-0.9806622221637106,0.019781584577648004,0.45985975902935133,0
1.5379920138490957,0.15353151812357568,-0.9236309572105891,0.14560466260458826,-0.324756150264676,1.0384767819446417,-0.5716408853292525,-1.4187079193146133,-0.462460670382733,0
-2.189442185051847,0.009679988998620047,-0.08061953909828146,-0.0665943452446875,-0.021891366653497363,0.20058600153987344,0.6931990365287956,1.506284665292657,0.7154700817541186,0
0.1885643575197107,0.07862866961729954,-0.533666335533046,-0.3142799418861317,1.5100511105705554,-0.8732412942236503,0.7959963803296285,0.604231431084419,0.04706025374456786,1
-0.254484542788378,-0.2853639834879699,0.5113101164949518,0.8524007893112671,0.11507291631285281,0.7491437283873766,1.0206724028007719,0.6828374971923431,0.7996384387941893,1
1.4831182816490716,0.06172494659531826,0.3189834358732987,-0.6235815063560936,-0.1570007522929044,-0.38624250675397076,0.6516679864856152,-2.2670177658241486,0.45171313762560333,0
-0.02911655665188402,-0.14662358335865297,-1.2553388514417,-0.46493280573018136,-0.021891366653497363,0.7888875990977097,0.9000340475982708,-1.453701747948243,0.3779073675403527,0
-0.02911655665188402,-0.4621675955688855,-0.3373301595391758,0.07115143047256567,-0.21752846834790096,-0.8881127138602822,0.1398519558392926,1.7119284665702355,0.05124087493720479,0
-1.0093239643578154,1.0424210420544806,-0.8448947590964723,-1.1897152720612736,-0.021891366653497363,-1.0066250144122408,-0.8946486141119333,-1.458583420173723,-2.6185411873940083,1
1.0602872840066568,-0.6435350036034166,-1.361344991723173,-0.6627024528810993,0.07657962929140628,-0.21675767382073058,-1.2883882318064508,0.019781584577648004,1.6198850346477818,0
-0.5679956449824789,0.5127916127616777,0.3374415455568872,0.799157997900607,-0.021891366653497363,1.4199668647714991,1.0893763270403656,1.1527450994408763,1.7150253977485663,0
-1.0296639077896985,-0.5891792824844367,-0.44907506807793574,0.8384452579731436,-0.8339146753337557,1.5298936493684683,-1.2063552073496353,-0.535712500313556,1.626722672514297,0
-1.007908675001261,0.9199103212553266,0.7338768338113253,0.5724513319750639,-1.106697531722419,-0.9498182926596127,0.2114835718037334,-1.964429261839543,1.3888748788635492,1
-1.9229964174852654,-2.2074653657898984,-0.4362192338762767,0.9439857722902006,-0.021891366653497363,1.483858528755807,0.4125519219427658,1.612248197461215,0.8283994934598014,1
-1.54003276425607,-1.5194763396238369,-0.1874299803050695,-0.47899127997391855,0.9792921060711194,-1.007030558757195,0.28647302191042634,-0.588129114072505,-0.4251177960586605,0
-0.5385141149368128,-2.18189704925694,1.049827657135533,-0.8730355306679515,-0.021891366653497363,-0.3887570475462899,1.2429091123313485,0.4285495711964847,0.503120073799113,0
0.756339621510893,-0.25268356413009574,-0.2243443070662325,-1.3202534972938513,-0.021891366653497363,-1.1941021679587753,0.2246946742586649,-0.5361085058984104,-0.43811261178877764,0
2.4609309559619224,0.7258926646810697,-1.284776544069608,-0.3652366543743353,-1.0496427040582095,-0.17199546787360728,0.1374169653453772,-0.47795530231690897,0.23355662449481115,0
-0.02911655665188402,0.3905878580775802,-0.1192040337904126,-0.321248113395191,-0.5519381631407624,1.718453294425688,1.1009881360225962,-1.651357109529961,0.3411234019075313,0
-1.186091277384684,-0.17175498229736702,1.2208274641280643,0.6267488937509657,0.49036090952441463,0.09194807458714474,-0.7083207644954934,2.624371697921095,-2.540099690100532,0
-0.532378354305689,0.9419287912777039,0.2939148127120753,-0.5284205171183398,-0.021891366653497363,-0.3483898625846644,1.088202491732291,0.3054548333951696,1.000356011746818,0
1.247070703015797,2.4950969222341572,0.009839540760068575,0.6310249664950449,0.009177802224353838,-0.5218751281553234,-1.6719258779330606,0.019781584577648004,2.383380192517582,1
-0.238928590398107,0.2072939704418743,0.5056000450746141,0.7944244982085443,0.2272380492538722,-0.576541793597921,1.5774549093291623,-0.5058449260411175,-0.2808061156518253,0
-0.9690181456620037,-1.2778953173282812,-0.4828629050866009,-0.27529512053132454,1.56750613543017,-1.2793835918027314,0.9184993240147679,0.06921171161277828,0.1191796154642204,1
-0.6980785643317473,-0.43101400375695603,1.0732894040144063,0.3282883521333772,-0.41712838564294785,0.8659832510259602,-0.8857692111152722,0.9451139924064267,-2.42706917533792,1
-0.02911655665188402,0.7979808555415232,0.22755599352977116,-1.270217856458713,-0.021891366653497363,-0.5602989246827259,0.46504490489213846,-0.002522334169274069,0.33715312645902173,0
1.3670344150017597,2.0450936411727945,1.8792604125207106,0.33465472795990703,-1.634062465119403,0.11163638401714489,1.2012930497063112,0.5175570117686168,1.93437170463639,1
-0.02911655665188402,-2.02852580832765,1.4249961706569192,-0.4906914455894593,-0.811639715519765,0.5192639142621273,1.2962936214511294,0.38448253410911326,0.5569246274884028,0
1.7319470696873718,-1.32983140472197,0.20056243795505785,-0.11099583300453175,-0.01599788445136971,-0.13610932390396766,0.7117280375912629,1.4946677706879026,1.220456807861558,0
-0.6681766327656276,-0.5172180454868223,0.6903643733787392,0.6121516539156903,-0.8363405032821621,0.48034068538068053,-0.14731218352133665,0.17081524685647764,-0.4420124641771328,0
-0.5778268768103978,-0.4718216505784866,-0.5649424056005679,2.8198052016968247,-0.021891366653497363,0.6545973816999592,-1.1155270167805145,0.5203760466513774,0.26735248196150646,0
-0.22772790289458641,-0.5103369062501286,0.21776027427560996,-1.1131629946791057,-0.014611069931159602,0.4107947600234348,-0.2314674881843096,-0.362146567342707,0.22189994990319034,0
0.42902901538514826,0.9507111228993916,-0.35331856120551697,1.644299606946034,-0.021891366653497363,-1.22481572503226,-1.8446602956269476,0.023206048745338246,0.8099749378124546,1
-0.5033133017801645,0.2576641388451871,-1.6860625281130455,2.641634613908892,-0.23344167542606586,-0.698103487173531,0.6155766244259967,0.5049386242799706,1.4852549747352415,1
-3.4038443222511963,-0.11827154677135412,0.3441628414410217,0.412261733930749,1.384680162390802,0.5589705790776838,-0.010542723308916226,-0.6286456317882162,-0.16976360983848823,0
-0.2670408010790487,0.21466859037051797,0.2126635729628533,-0.23616681616121388,0.24241498874658435,0.34221643144423347,0.4721613864425179,-0.16617483045146605,-0.142452032133332,0
0.13256818201902817,-0.14633877207593227,2.238027312214285,-1.1263610841905412,-0.3448915741869414,-1.0565751490636526,-0.1602146046518373,-0.7475461098924677,-0.8217172077179208,0
0.33587511392590763,0.08121889090010792,0.3985400156932748,0.517186026549112,-0.4202503294061225,-0.1450033035143034,1.7566849325294285,-1.1382838570936002,0.6982241149767311,1
-1.9163657805956413,-1.4552860870324094,0.5413136536892731,1.3460559741485048,-0.4715838959762045,-0.7689177345554886,-0.5470921338198975,-0.7716022344193763,-1.1685761556608893,0
0.20504723023393384,0.6764294231653895,-1.5615827511545186,-0.5130610045936743,-0.638515659109253,1.1159753468398552,0.2621162728803015,-0.9763805608338106,1.1689076574962698,0
-0.02911655665188402,1.2096741351596623,0.34056462717449243,1.4517089420440659,-0.9186075657159152,0.6268472179770288,-0.2422114313546777,-1.2438091661220234,1.6900731127512705,0
0.9940526881867736,0.645360422777195,1.9494418065212267,-0.0726355002916642,1.1129037415610494,-1.0804312583423654,1.4433944596652357,-0.7858776782530982,-1.3320764590420031,0
-0.02911655665188402,-1.167255501305102,2.6554559817498706,-1.9100768716502816,-2.4065104488545788,-0.3506148858489379,0.5347876844278665,-0.8082133167170154,0.17424734133163086,1
4.409038154681294,-0.2730738041208862,-0.9547338286167774,-0.21768396117081096,-0.021891366653497363,-0.20887566678582736,0.24888254538810162,0.5135181867145264,-0.5733192689855476,0
0.6177056273726914,-0.30786000100139965,-0.7807016657008539,0.3742492146680688,0.6118179682733705,1.6445977115245252,-1.2629422617911752,0.043533019390869905,-1.0783979338520469,0
-2.3439038570719264,-0.6967302561094771,0.0800438763624147,3.490939168687799,-1.2400991730974065,2.11448597522465,-1.7982996166263692,-1.0507418569129667,1.9186506593248849,0
0.4232646440176607,-0.017563792343031254,-0.9020726347613783,-0.10480486486454761,0.3317371564617492,-0.06169286915946227,0.7622091953811838,1.4530893335070962,-1.4043346146002156,0
0.5016453849865647,0.7412935474473936,0.7343870479099447,1.426674019415967,-0.48520937056755886,0.4183391274021796,0.3065556962689382,-0.5853781793780042,2.0725793833027053,0
0.04032102115643251,-0.8747927663800887,1.0252068580279157,-1.0170586947794549,-0.021891366653497363,0.1126849102973226,0.38197314005160726,-0.28123370664892505,1.2510878838243267,1
0.06246581069121936,0.9679633406324907,-0.7365848916453518,0.18639329950960323,0.02930794494595277,-1.6432048047554506,-0.11786714903280653,-0.9819743155345477,0.16633189765124784,0
-0.02911655665188402,1.750104509496784,-1.3543997962177101,-1.9454781822574767,-0.021891366653497363,-0.7816043237334616,-0.9104222075908774,-0.4390041488867103,-1.035849915240132,0
-0.2694541569578331,0.4410669671068372,-1.2594320608726508,0.5439582632030914,1.1080565799829538,-0.27132733977256085,1.3515220692642957,0.019781584577648004,-1.7197476432284742,1
-0.2475138031511114,-1.219718364916791,1.031194959965382,-0.3516106495336683,0.8190800578273225,-0.03598560680970883,-0.8083662641671432,0.2559731376107149,1.60012090298009,0
-0.23553225064705843,0.488373432978202,0.026803443511694922,0.7735081989680093,-1.626237141654858,-0.5010732449911522,-0.04460977575347489,0.6314454136880697,0.2722826123864507,0
-0.7713568373655081,-0.4392463010081298,0.5599557551330843,-0.85791262305251,1.8221885294961324,0.6619309284620848,-1.548755200285095,-1.0962514719120928,0.30329822310098214,0
-0.8811663112006677,-0.38180873810054355,-1.3370038173236474,-0.3554452603784093,-0.6749419708180155,0.16502199238603021,-0.8735979809768741,0.7065824061407101,-0.3254032061234174,0
0.26937934122915297,0.4185832000987716,0.8382044456647708,-0.7417507873486299,0.1702600387613143,0.20776509304637877,0.7865487707623967,1.1710240185528313,1.958928863308858,0
-0.02791332547153873,-0.5407707509177998,2.001040865787771,0.9363240300502141,-1.455342721972009,1.1349612225157675,-1.06833749357366,0.6017946557780465,-1.3203524637264668,1
-0.5341668066758701,0.41745075386173985,-1.1585778822950543,-0.08413279039625093,-0.6102454242840831,-0.6440468963321719,-0.7114154205474283,-0.21138565365057252,0.7475282904100242,1
-0.6262264886615659,-0.6627132174809701,0.03659776209735856,0.31838805370555107,-0.021891366653497363,0.6272886944784968,-0.1748350290583105,-0.9347280205614741,1.588823925113281,0
-0.21748409849968925,1.2072984598968735,-1.552752421442949,1.4027851132055085,-0.021891366653497363,0.8975971811512823,-0.8273801877917164,1.6008883294019194,1.0382510104681428,0
0.7153269727881313,0.6647497203614305,1.076607095648881,-1.0027650035689102,0.025617100664490106,-0.6353518321692985,0.17120339180551591,-0.8767600170482495,0.4304891843909907,0
-0.02911655665188402,-0.16119365064893476,0.008117738579896576,-0.9278432657590325,0.6052210392300842,1.0010065482862096,0.7181780044049141,1.123016533349958,0.17519339209735885,1
0.5973572830559543,1.244352907102932,0.18646794641874098,-1.0990656231083513,-1.3942332154346577,0.6248449563244068,0.28431296577822673,-0.7975245622983885,-1.4800459473096321,1
0.658625664777474,0.11886656320730728,-1.1715722766349328,1.7531199368716428,-0.021891366653497363,1.0134278349347017,-1.1121357655290678,-1.597554096049499,0.6423717558208084,1
0.7064990671409718,0.31027981488916884,0.4501763602605804,0.9952611490973787,0.35838138339543,0.5432767633370623,-0.8145604547434293,0.019781584577648004,-1.295210587504843,0
-0.44336652851028185,-0.534904715912737,0.14234839557428713,-0.4702034981846716,-0.19104608556732236,-0.6943665644120472,-0.34633087397760187,-1.563918144383784,-0.6872369361860887,0
-0.41931839454620684,0.8789065231599097,1.4759746722572658,1.1630804553860166,1.4398975516358554,-1.27837186051132,-0.49230542506456665,1.9436453889309655,0.7974285416317505,0
-0.02911655665188402,-0.4339562456048853,0.9720459605749721,-0.5980464154205027,0.4650691347240411,0.6379551171670287,0.6833609779484832,-0.4817960028898239,0.7252714124859068,1
-0.02911655665188402,0.6636772944182816,-1.1939875640524382,-0.1480233694191888,1.6438966209449684,-1.7709754946655134,0.5376019293541374,0.019781584577648004,-0.9120184916032585,0
1.6525094905435158,0.5821639439308927,-0.6049727928522508,0.28025603280674544,-0.3322210201884816,0.31695586489166944,-1.4183814686766079,-0.5328848406558438,-1.7135702692555652,1
0.7710863191494814,2.365298073646713,2.12176845939136,0.017579255044258994,-2.5659308475258107,-0.12986368416178024,-1.3670438700443135,0.8257735763918168,-0.45726241110148513,1
-0.6752553133288912,-0.5516926948546371,0.9920489143049936,-0.9647862192628097,-2.028587028771823,0.5430102052499748,0.7242382359186437,-1.246727758881463,-0.3782994649108171,1
-0.6175329213167368,1.517475876941297,1.0787965756858926,-0.5554525280486405,-0.021891366653497363,1.2179020564265945,-1.1509206909456255,-0.2640741104848895,-0.5153093848942307,1
-0.40285676923283126,0.060212778360632505,-0.028449092585660918,-0.7578497611407462,1.546435779728948,-1.6266214060542148,-1.5584909106586242,0.019781584577648004,1.8726379930438197,0
1.6559552166477025,0.22799132605065403,-0.5248952279490416,-0.5962508368239544,-0.6397632518376503,-0.40076975515371527,0.8302653694367991,-1.3905487144062345,0.026839480909222113,0
0.5032959751174111,0.3066099158909803,-0.481116845614687,0.6510513563975903,-0.021891366653497363,0.5767190536231319,0.5593168949226266,0.11180228490753394,-1.0186704637408248,1
-0.4831297556063721,0.7250200783858045,-0.09383005484166358,1.0296429108528071,0.39830964233764204,-0.9226452278932048,1.6107014611633406,-1.1105967124546552,0.9778883424991546,0
-0.10521011950814389,-0.8426674749595807,-0.4928651684930799,-0.4356358299691914,1.4897907117063824,-0.6926400036361753,0.26570658334020497,0.4856791406828236,-1.7714093673165534,0
-1.2350707024152405,0.7146315521267163,2.0070012926465717,1.3398385370481334,-0.3139413458405613,-0.42924623806383483,-1.1326187138050643,-0.47381991455520733,-0.07128535090845338,0
-1.8188289803471507,1.3255843366521243,0.24926647689337042,1.676685236754552,0.12037054685477132,1.3038005387933447,-0.7404555392138108,0.1720163685737286,1.372671483531976,0
1.2508537640022006,-0.2594591224878807,0.029886930339765725,-1.7919482399063362,1.1848784117613096,0.12707151298254882,-1.7341940514284968,1.673289090860765,1.9352634329715341,0
0.4200552537887991,-0.14880181282923258,-0.23720758483905455,0.4743857248545475,0.18360005416196512,-0.6198620306719642,1.392533172875336,-0.48071460674198696,0.5821346900981444,1
0.412555126350769,0.44891968483719646,-1.0245083280857867,1.3477243849877834,0.38671619113857186,2.1013399655948213,-1.1450402200567509,1.5654111774885688,0.9780464779417835,0
-0.3851642480765654,0.025646527021733558,-0.670262379033748,0.202958895446726,-1.6685359766866004,0.29561322529238554,1.2919150283330394,0.7206299253379322,1.5088988528615837,0
0.7157058314986474,-0.15823752099058627,-0.15571667675579787,-1.0220718328458638,-0.021891366653497363,0.21849001021910652,-1.486054492995555,-0.564547118737013,1.5530223371130685,0
-0.09165094953004894,-1.172261304583027,-1.0932943417827194,0.002145538761752081,1.0509288684837588,-0.5641711309305886,0.026298845673960874,0.7439720966046419,-1.3106771797877321,0
-0.6469093095251333,-0.9213401033703627,0.9554858925072263,1.1908787403822743,-0.021891366653497363,-0.9440794382631379,0.9343065714189742,0.5695291441006565,-0.3711214752070614,0
0.5750439547629521,0.01414246889436657,-1.2630511320434021,0.26010407993673806,1.4200294754719187,-0.27233539955846403,0.5805514434911117,0.5238095266670051,-1.26849292237713,0
0.6595597666724673,0.4031340197440694,-1.4961307847794267,0.9365737070861251,0.6039684837054368,-1.1016115360947072,1.3332304571785407,2.5197653184490667,-0.9384372277411218,0
0.2031131060678843,-2.2520635176157393,-1.4798668030313733,-0.13427469892529034,-2.5614646387720854,0.7599331211230713,-0.2894854177526838,0.019781584577648004,-1.0634298491230985,0
-0.02911655665188402,-1.2185663761644594,-0.6512725748510589,-0.29720775031128577,0.5180370494132468,2.4787980057215413,-0.2465246477231988,-1.5125350254915308,-0.2589947707052541,1
1.716796080779383,1.0570886480022013,-1.9697098666507624,-0.3297611463590172,-0.9121031626942294,-1.2241953246104496,-0.7671086063782064,0.7734681915810836,-1.2005978787217202,0
-0.02911655665188402,-0.809353379411661,0.17350739227972656,0.891433445807717,-0.021891366653497363,0.5839159066835167,-0.42335294289390957,-0.9748093595886138,-1.58166909453937,1
-0.02911655665188402,-1.267068418290605,0.9273844009343166,-0.8210718763406615,-2.270611689995773,-1.4356727637777873,-0.12624252758385518,0.7080873014962218,0.18034523350062623,1
-0.6508142919021388,-0.24855111747100764,-1.5308244086383256,0.4040511467052421,0.6915051145250073,0.2607449424843563,-0.33360647714326347,-0.8426316983580732,-0.6826152262757752,1
-0.34745062634807555,-0.6074577061484799,-0.0021656419113253826,-1.5049817535713872,-0.021891366653497363,-1.4518720239933818,-0.0021226381266415467,-0.8589540983376922,-0.054283401770555684,1
-1.1893519940448178,-0.5071315243316477,0.587437563017024,-0.36559360433650573,-0.6188771442878116,-0.23774680433148254,-1.398848823371387,0.8313072079049156,-0.13202445467291185,0
-0.02911655665188402,-0.15927622949245215,-0.8931994164289098,-0.3845566961232914,0.3291460797425125,-0.05214058010051661,-0.7447986237203286,-0.03273419542709409,0.24966582413166608,0
-0.22492353927549386,0.009584232679970424,-0.9190055665766765,1.5550914880932154,-0.021891366653497363,-0.9938636356654359,1.0255031078895422,0.13057779479455406,-0.1889193862123757,1
-0.02911655665188402,-0.3973408460935974,-0.1608813769062859,0.14527138902399417,-0.01679988551111662,-0.8856173103908695,1.7749264346320333,0.04476680457532687,1.1773084680363413,0
-1.6034687574380477,-0.40256170886758774,-0.035055798679881296,-1.4909550531723013,-0.021891366653497363,-0.29911903567103276,1.317146300591064,0.037983306975076396,0.7338847083391801,0
-2.163668000807086,-1.0162741341584884,0.45849443761206776,-1.8637531610395528,1.063434879332638,0.7369242724600185,1.0394347083548066,-0.1702479406503627,-0.6393315460341281,1
-0.5754581418030886,0.456506027012232,-0.3749473075254537,0.03313085547731829,0.19656529364704156,-0.876625723625692,-1.9177435172811315,1.0130729085354513,1.8440337587351863,1
1.2214364992042963,-1.5605226128525875,-0.4836189822764567,0.7331125134295275,0.21561023943257285,-1.742133260436885,0.2646558622789814,-1.5157604533180564,0.9548819008472762,0
-1.173418238417369,0.31363637390517524,-0.16595015716571734,0.1324046120323608,0.6301222996706785,1.1947587230585304,-1.243261327173275,0.23490204876942092,0.44770945353267405,0
-0.6212845664902962,0.8850355888348681,-1.022033134347735,-1.485917114848725,-0.021891366653497363,-0.4783433667653896,0.07237240609187495,0.6403031744858041,-0.6539813640193888,1
-0.45660530194948173,-0.600027471948152,0.5544563752367859,-0.35766096037618655,-0.4777831173596002,0.9481841884559551,2.120527700941715,-0.3902197917455749,-1.1037175870906315,0
-1.5919798159493135,1.0771125249494418,-0.8976542524758051,1.4589048036190908,1.543171047841107,1.2063984096500793,0.8745359230493954,0.4814891061686956,-0.9680945087641059,1
0.04852201367905423,1.631482313131574,0.06297460618271113,0.3744700124360143,-0.021891366653497363,0.4260384982713659,-1.9385940158648005,0.8447452961981811,0.8369725216545495,1
0.23581928911156788,-1.393299166042605,-2.01251384471532,2.182921088475782,3.9712744492509655,-0.8953629704895567,0.31244012855187797,0.5332318252140689,-1.5836154803566664,1
1.4044584070616903,1.0023468428760522,0.3050024300363335,-0.03765711895283507,1.0836584475167101,-0.40439630567165213,-0.02059811972046713,-1.5987185153228474,-0.23338508950100822,0
2.115994824318713,0.4556784891689194,-0.9372171322724393,-0.36331608508510865,-1.0198066840590871,0.49512871539860964,0.936425446933401,0.40448150474697975,-0.7355164520772497,0
0.17041774330992734,1.1748152943479195,-0.16294036690840885,0.04753111481304874,-0.021891366653497363,-1.5137413695025361,-0.4515304091902465,1.563769214383217,-0.1445191065336774,0
-0.141477428535591,-0.7912122525074048,-0.500202401977584,-1.1995160356563483,0.8226708177123294,2.6304899664350314,0.8671685898518299,-1.6023646860340814,0.76746949627699,0
-1.0781725861010065,-0.25637012840054757,-0.6550395320938841,0.7576082562153342,-0.021891366653497363,-0.7980548506694061,-0.6747242123205733,0.5305626783816337,0.5515424282877726,0
0.4063307847684565,-0.35733893415901036,0.09047766788553017,-0.8811334974171107,-0.021891366653497363,0.1408471209244114,-1.6554938298523674,-0.08423125779557185,2.2355433118457353,1
-0.042869923753163744,0.2536112842002778,0.31027415982564854,0.6149997170346941,-1.4731551162860614,-0.7687960187243659,-1.0646786686686267,-0.40371706552485814,0.34040716449218916,0
0.3984567019237688,0.4586271814404464,-1.0402600991184874,-0.2703288453990396,1.3130971144192978,-0.8395307303772539,-0.0442298449929205,0.2296366519719934,1.3806507429686414,0
0.15709826305912203,-1.1187105841886242,-0.7946724165713128,1.3158213300068442,2.15161708399949,-0.29601558020353563,0.9255150279186081,-0.9563802963131628,-1.4044683167832628,1
-0.02911655665188402,1.095409489986661,-1.2776977171868305,0.2867349770502367,0.009074077958273901,1.40541619225436,-0.09324852673608847,1.1928912420308087,1.064308117866151,0
1.3225664317452566,-2.2855080525083293,-0.7112759061769808,-0.594101269483744,1.090137190119254,-0.46291818921128447,0.21483919921612868,-0.2009643386557424,1.2296482992006186,1
-0.38507998648073616,0.5598798941730305,-1.084915454380781,0.12444299239438926,1.559784290053097,0.45791442800018894,2.353779446932054,-2.636189445163537,-0.7060559816418158,1
-0.495472684241044,-0.8016817206381472,-0.6588636239797288,-1.0492050923776843,-0.05190844523120508,-1.4353906919491435,0.4188805384288733,-0.7759673500106898,0.4006203182143408,0
-1.6121458123491708,-0.31272476698907525,1.2815709841445002,1.0931386091660624,1.0134010996173008,-1.6179510301478413,0.1402994476586914,-1.1269153769820632,-0.35413621438960696,0
-0.604796379052496,0.2756613066947288,1.2540820401906394,-0.7270545483064116,-0.9825058006722908,-0.1656474932362945,-0.6644666303257967,0.8161777896631275,-2.440432308305665,0
-0.1810637601686529,-0.9076519718238504,0.2745990830966406,-0.15153946039730215,-0.023414983466730186,-0.4610970092494006,0.5107770621950799,1.3119510400742869,-0.3960918853649586,0
2.1712943242937004,-1.0024969397909311,-0.3388957244997035,1.8652189206443366,-1.7817831463110245,0.22489454327110303,-0.7467178279098654,1.0181288312518206,-1.023802457698683,1
-1.3777130867838128,-1.1138778446585524,1.960193294970872,-0.6581628593737935,1.1649859042783535,-0.34582725611959325,1.7781293949544519,0.15006821240790194,-1.7708535973299486,0
-0.32343445964971657,0.06936976275734437,-0.67795649324831,0.2614192036315854,0.2305828819921946,0.11971227074043134,0.20739341557453647,-1.7330213334774394,0.632847918716187,0
1.9951832226591284,0.41187485712039046,-1.4561237908417337,0.0605128159217473,0.8297077657572639,-1.276669783672911,-1.2448148725759713,1.6616515577425266,-0.16403996681926666,1
1.5539782338918036,-1.1821067426941023,-0.7694466739152341,0.4154639263927939,-0.48194009345555633,-0.040585859346750866,0.40139434314076394,2.644130926479838,0.5249553889031745,1
-2.0075001504225,-0.9803952319168271,0.2257933639417938,0.9380258281324629,-0.021891366653497363,1.4702038490183185,-0.14477387251196858,0.29886164508128543,-1.5078855043794317,1
-0.9474271197446592,0.015792328219760086,-1.0495579252863252,1.0060957865467957,-1.2988908109225334,-1.0247379235844147,0.8946771702662226,-0.49842622717342455,0.1379027696215887,0
-2.628123418603686,-0.17116566426772215,0.7822346882457476,0.5202820758500158,-0.021891366653497363,-0.0492506790547801,-0.287449547506313,-0.5183634461416956,0.3958256987405394,0
-0.7055417698331097,-1.066197284091363,0.5554536817008062,-0.5412539051807076,-0.021891366653497363,0.7108024990930221,1.3511708703742105,0.9866166763180645,0.9359162370666405,0
-0.02911655665188402,0.5592584812368838,1.6177709290089775,-0.005119884451053374,-0.021891366653497363,-0.1739003628423193,0.4706509151089616,0.33578060558885486,-1.9876587502841505,0
-0.02911655665188402,0.12400106097117618,0.8679004408154778,0.5433996894939062,0.38422983524898535,0.5916580630944568,1.7055458002237258,0.019781584577648004,-1.2197497753290847,0
0.7805763999973104,1.4753161904742753,-0.4404258425420744,1.4245176078268056,0.4696955905568726,-1.0373994110400033,-0.12622514169224905,0.019781584577648004,0.8931487221406138,0
-1.5021155895335836,-0.69364441378613,-0.8058325248505385,-0.7913982525617639,-1.8397748015827304,2.36865615299761,-1.9832879069525828,-1.7362805271664838,-1.0593192219692407,0
-1.335102701570504,-0.3048864940798771,-0.36609228616294454,-0.0489892586482086,-0.021891366653497363,-0.5999948885559175,0.9946993384533795,-0.4718953818836112,0.22347621958087915,0
0.7429093101394493,1.3502572488079514,0.20053623847626104,-0.30862205879962984,-0.4180666001586188,-0.22251324339670683,-0.3670533410316321,-0.5929212615988443,-0.5246295358304129,1
-1.1415140876343068,0.15804543657337533,1.0546546945810409,0.11582791841006342,-0.8146970588518394,0.2878460162979143,-1.0542133797518414,1.3455260479927507,-0.38435091749963723,0
0.9103215107349455,-0.026391048820689305,1.5202507492713988,-0.25070969821584943,-0.5282146503548378,-1.7950302293998934,-0.6217998205377319,-1.250808344282889,-0.9283222235278349,1
0.3716321442715053,0.4037882836140646,0.0009783489318090158,1.526273616533471,-0.021891366653497363,-1.116601988033568,-1.6537034759982268,-0.16806979981094886,-0.27286678120921626,0
0.9398799614007153,-0.4132756365548516,1.6519047670205098,-0.6021665442259476,-0.021891366653497363,-0.17135480949773937,-0.019977389249102796,-0.6042032544338671,-0.6266781352502809,1
-0.02911655665188402,0.4834515999324589,0.19265898854052174,-1.3366063344999053,-0.9175348203290723,0.268046352500263,-2.191000537535206,-0.017898720960768125,-1.1348030918844516,1
0.6207928896496493,-1.3640823454059667,-1.4787789475091908,2.6093587342799784,-0.021891366653497363,0.23763702760747707,-0.57831456433759,0.019781584577648004,1.6461473204015422,0
0.5772135535254186,0.4632715519483526,1.1585345463602699,0.41945912125641477,-1.206437444766289,-0.9230019218473703,1.0758693651825084,0.7687104911092372,0.17790303969972376,0
-0.3586291820696229,-1.2276564753756503,-1.0347194662543056,1.6713343081166385,0.22317105380637733,-0.11385273903753765,-1.193548067328344,0.7568726261302745,-0.2610656236670034,0
-0.02911655665188402,-1.7462976960920882,1.3532828010967572,1.5962619165633598,-1.6236923858853212,0.8779909817727035,-0.19901437246115852,0.2560561086084066,0.9092044975873167,1
-0.9556358122173918,-2.441906552226265,1.2894998662724773,-0.0325150418509591,-1.0189978414674543,0.9390204900360708,-1.6118262432307353,-1.1461195695948214,0.23702330999454987,0
-0.02911655665188402,1.2498346610809834,0.46960369209079944,-0.017404519139679653,1.081039900375966,-1.0286336659050421,0.03664884133302142,0.4029461382275907,-0.344521177748978,0
-1.6178778573947883,0.5762020641206866,1.000911905172026,1.0563065343694569,-0.021891366653497363,-1.4139328489306848,-0.9850694369427042,-0.21429090951897603,-0.15521807855102077,0
0.6986378667159243,0.11462618216241124,0.4018294345196802,-0.3487429103422331,-0.5459303703808874,-0.1999685361782447,-0.5762941157077976,-0.4131346911984487,0.5862328303807921,0
-0.02911655665188402,1.9027749329852293,-2.167091185516474,1.8770774908739003,1.6436534104148177,-0.9098260101174674,-0.12797022599737556,-0.1547712414226832,0.13874593235156388,1
-0.02911655665188402,2.6407895116104125,-0.08146169320450751,-1.7806309068297794,-2.232620818477779,1.2054693362951268,-2.256471425951365,-0.7359034544775357,0.006451108987878316,0
0.057889013822030856,0.4835469753859063,0.42823581783852926,0.6542140335729377,0.5323780163264843,0.08722049408075956,-1.6335147634593619,0.5862364279321027,-1.3084683274792772,1
0.6248833827079692,0.8690076800354015,-0.1706076630104867,0.46233709939140466,-0.6987551505504905,-0.5694673371179989,-0.5015557128375661,0.7860169809167311,0.6076267348268528,0
-1.261196960156593,0.4362915330226881,0.8354580398452628,-2.0553301356443674,0.2201489149458809,-0.7968350892318128,1.1343691749136013,-1.9030047055208328,-0.31332323129711304,1
-0.35737281390300113,0.20754834940963607,0.05658749300507149,-0.5365985045984993,1.832297095684596,1.4731046574105504,-0.6736919118118008,0.3172714539643996,0.4104927054830267,1
1.8950218947678583,0.5347377305558966,-0.7443824693781607,-2.358635316253752,-1.0188304429110926,-0.04826419738537665,1.474773238481876,0.23726166855863937,-0.797333181440788,0
1.3897697033561154,0.4002053488221088,-1.1629607166220852,-0.3191658290684345,-0.2037985751691272,1.0041496529948044,-0.923324324498639,0.07684609733322922,-1.1601836144468054,0
-1.2156539982616166,2.539813595470419,1.5305506682984165,3.7364766508820204,-4.268831020070162,-0.4411685737689436,-1.1564096563819068,-0.7083517030408147,0.5847190933160517,1
-0.02911655665188402,1.1333211505543404,1.2068862571498031,-0.2923119046113414,0.3966047226702402,-0.043863877077076015,-0.3918728158981574,-0.6516051492703464,0.4158403518583177,0
0.1887614929310375,-0.8466072201919553,1.740392094772486,-1.8345718351736509,-0.021891366653497363,0.13690007546928423,0.47865675359344784,-0.18775882685688886,2.313131186037028,1
0.8284919989955751,1.494440813896052,-1.585058143254676,1.0880550858183229,1.1050441545214469,-0.981163893406418,-0.06527203141774739,1.1629483798287326,0.5607596416342651,0
-0.02911655665188402,0.10137481340359485,-0.7433988086130409,0.6226852858334447,-0.8452316521550208,-0.35260605653746235,-0.757376989066302,-0.5103661758262954,0.6560649665991288,0
-1.2806468630997416,-0.6043798481711807,0.6926689604897086,0.31177555685151115,2.2298465213295993,0.1497520898935965,0.031005625097465916,0.4118514843249786,-1.1969673015601774,0
-2.5761234600042324,0.5983314473945263,2.322224480534231,0.6467622406320158,-0.021891366653497363,-0.9362224141782723,-0.08836067931850837,-0.8549786282725922,-0.8686481936825432,0
0.44433112985570516,1.0008064513979933,0.013429836698476338,0.40669722102045647,-0.36935852678161724,-0.3656819861037703,1.1761537966627247,-1.593046322913157,0.442919847196507,1
-0.02911655665188402,-0.39832229008285464,-1.0456472525701066,1.6825971498619472,-0.38521066988415675,0.6686261316396823,-0.3065093120137267,-1.2277476535834546,-0.9457342375159443,0
-0.02911655665188402,0.11325618607484551,0.39538450495712674,0.0019105202449521005,-0.808501271146056,-0.4186756416584005,0.5290741574610326,0.7256889448533812,-0.8948326839006829,0
-0.26623226504469605,1.083434323801184,0.23403930742732446,-0.30381793830830134,-0.021891366653497363,0.4352020352560614,-0.12405283095163519,0.7496613429075413,-0.7223310513036975,0
0.8435627709495231,1.2150098647931176,-0.3403796183493061,-1.777502130457249,-0.021891366653497363,-0.535998346925248,0.24233393075617352,-0.681655745917305,-0.7292269646170099,0
-1.303978986011294,-0.6517323504913619,1.3178579404191366,0.8208243001461093,-0.40236623089861756,0.6912460288700154,0.7549314484063753,1.769746534956524,1.8082936581940237,0
0.2642921320266161,-1.3803158792174934,1.0515979119465992,-1.5835731942740339,-0.021891366653497363,-0.9447121284971471,1.399048144372402,-0.8312420642418341,-1.580230104508415,0
-0.02911655665188402,-1.2225968583097402,0.569243484404449,-1.3884922017803947,-1.1624670424122787,1.553472894013939,-0.013388046021956916,-0.8094843502047164,0.9490946887047617,1
-0.02911655665188402,-1.8045829159205944,-0.14580277742929876,-1.9753326410516683,1.6673289631930504,1.1366580834981088,1.4932896064064196,-1.027307637725958,-0.865775615773905,0
-0.751871462661902,-0.017703111197023783,-0.6523776459303227,-0.8895027158257375,-0.8826665353101376,-1.125453568519074,-0.7069000638785189,-1.4133118775219262,0.4404975177954324,1
-1.24787451468986,-0.9079547505301119,-0.39467312980387587,-1.462168482048787,-0.021891366653497363,-0.9984115935424326,0.3650473022773118,-0.2083438422053967,-0.4399486057980821,1
0.3764959812788228,1.3049703075549637,-0.7443746164468595,1.1481159995028656,1.1042869058510871,-0.03539984060796557,1.0793969569898878,0.019781584577648004,0.0902319585985632,1
0.6414807424927466,0.07996118629232653,2.101478679938461,0.12904584735238164,-0.021891366653497363,-1.6565449761954139,-0.02018164128468032,0.1547833696770279,-0.517441205077131,0
0.5998172014473442,1.1616912236880124,-0.7405208914296662,-0.8591460713150652,1.2083350160234612,2.2858958337275004,-0.03939470762613516,-1.097604789308568,1.0057515188719433,1
-0.02911655665188402,0.7464498452305012,0.600250840446497,0.48657304892514575,-1.642411208317239,0.541046216454112,0.43576101681632434,-1.9308762502276025,0.9223720570099614,0
0.6630701122328063,-0.16974368806531623,-0.5935006281986873,0.5886231103751522,0.46866640637581275,-0.12337469097238121,-0.6143483637613639,-1.0917127900629207,-1.2282162594243249,1
-0.02911655665188402,0.5349230967008383,-1.4650022345971654,0.12311041171598006,-0.021891366653497363,0.8702957502085391,-1.435627902169992,-1.8106015630952088,1.9744619919207336,0
-0.02911655665188402,-0.20592032723460427,-0.22605512619585508,0.6373950092968153,2.285846803534622,1.4647788047961006,-0.41280526988304356,0.2919676755314702,1.1864871815591562,0
-1.8918948756225402,0.32778251991171986,1.4181507658779786,-0.18429213133064615,1.1219849051656388,1.255733779435721,-0.5148832682112392,-1.3604510433934272,0.5518295503010617,1
-0.5875729750625411,-0.1422293912074051,0.7128433080470741,0.017752603186260783,-0.40088819191017616,0.24698356509215802,1.5298139858114794,-0.3389104654746709,0.6899122926768614,0
0.8875774084314656,0.08853343179413686,-0.5801226349103246,0.6383066763969355,0.2691744431346332,-0.31735513313369007,0.8831875650462485,0.6021736440762692,-1.4675591014901517,0
-2.2277933990968766,0.4614665252672349,-0.8171806543370133,0.2865530429275366,-0.18940690965166915,-0.7019283254743995,2.255535354340946,-1.9263881128032982,-1.0708154766043425,0
0.10062343806509788,0.41625733227802286,1.1006635484084784,1.2443385357411652,-0.021891366653497363,1.606545198537071,-0.27454775277381654,0.46181882243595607,-0.8431636601967807,0
-0.8057303546790265,0.12093785706734035,1.2988677795177013,0.20616160435945155,-0.021891366653497363,-0.34837901611550864,-0.1585982195185758,-0.17964952980269305,-0.11514565223722821,0
-0.02911655665188402,-0.031754061804389465,-2.015434305999618,1.7548515133298157,3.580156235210525,0.08888800888496534,0.4620104189795047,0.019781584577648004,-0.4653396048313934,1
-1.4425305609068932,1.4001807857136768,-0.9064496629141918,-0.3989930864419427,-0.021891366653497363,0.01997019088950615,0.894888233451428,-0.3195823378108861,-1.0574306155691506,1
-0.02911655665188402,1.1924232104222587,0.012121891204587577,-0.6546026616438395,-0.06814692776486747,0.1603641265215375,-0.478056627259366,0.037190300672402594,0.6715407005119385,0
-0.02911655665188402,-0.3815285382250834,0.2102668022251569,-1.344366130195275,-1.5583773484126429,-0.559192189313803,-1.2446438639541202,0.5837168284236518,-0.3343748973900419,1
0.056405045569254166,0.86777972689018,-1.9068657083073677,-0.6417861862551525,0.7760282130220355,-1.6422723217203954,-2.6616670203491033,0.9555608376521303,0.04214596761902324,0
2.0080152103217905,0.5189578026212314,0.4041617076389986,-1.1943884785688417,-0.4091388017497722,-0.8129677554787076,-0.09902997390930825,0.10792192292724345,-1.3827759074825678,0
-1.1908245058338889,-0.768575862688487,0.3219388203045034,-1.8346047541308421,0.9201680733125657,0.769883486408867,0.24282389637476073,-2.0943561784304388,-2.7872144542745834,1
0.8281051414380974,0.15410427113662697,0.15723730017741888,1.4108095140978107,-0.012576172480745355,-1.675254049757651,-0.6958276221984291,-0.16834120900724875,-0.619923484750813,1
-0.6141630810322496,-1.7475343959295526,-1.7249859443979123,-2.028344891338899,-0.021891366653497363,2.1366381113310156,-0.2888011275950336,0.12545874297945175,0.42791225923796894,1
-0.17309646153025085,1.166643529845585,0.29312355253416794,-0.9470531359406406,0.031961494493364835,-1.1173296019716257,-1.456241642638533,0.693274992741523,1.2218813205079633,1
0.3814988727111829,1.2280423364855673,-0.8672408458726439,-0.5113586198545395,1.0967526526842175,-0.1428019053721527,-1.168705901464891,1.2331287458865887,-1.9814825106756366,1
-0.9958078162945183,0.6921881570334212,0.06577801620879682,0.7430382946623373,1.4547229431155364,-0.33225471115877653,0.7056468595311356,-2.217122689367814,-0.045446123612550196,1
1.5012144570715156,-0.10716084682099247,3.2149900989167253,-0.5032969872712567,-0.021891366653497363,-0.7738016813673568,-0.028897499402036626,2.0390909103825923,-0.402193834016998,1
-0.05148736386389026,0.2681267743349422,0.0008686503568832249,0.10933335165408278,-0.806162330826803,0.17502619122133806,0.4613123083387724,-0.04607040505395287,-1.3311645119668678,0
0.19686889789294423,-0.5548019202680472,-1.0169284129032012,0.45787059144646736,-0.021891366653497363,-0.637583048090356,1.1490558221073497,-1.6348357523199841,-0.16367536728628437,0
-1.5486124191771624,1.3550285366998231,-0.4032701923908904,0.18930874412726698,-2.6751970523601765,-0.8990986317536821,-0.48600068034578736,0.5734461634105152,0.7823375573634019,0
0.5595218098045052,0.023498892965972625,0.11616478330076574,0.7431626442206313,-1.0670226972943115,-0.8643103340456276,-0.41314826394522325,0.33972650059898324,-0.7578440337466184,1
2.0128719580641046,-2.516977957632786,-0.6376035971628695,0.5262782468487628,0.8381908235433734,1.5937192076217013,-0.3411676626068734,0.5630307239253345,-0.2143169451074774,1
0.35244933906594605,0.2519898331612431,-1.5312152004485617,-0.6853971930582242,2.3520698676830873,-1.4427127497630032,-0.47843265467518564,0.061325950266530684,0.3474178712573405,0
0.6328953972637628,0.5150738837840333,-0.7295355089769803,0.35677694403308186,-0.43404489092321485,-0.6397335355473919,-1.4842840585000179,-0.6846964205076076,0.2078892153669595,1
-1.7416046366655347,-1.221537758928702,-0.8496338045140378,1.4835466537474973,-0.021891366653497363,0.6846608223790608,-1.94637313155904,-0.7191244861872066,0.5397352851113298,0
-0.9270448355186454,-0.39884071094321055,1.5633499488320632,-0.651393827935276,-0.17145154107639832,-0.9126717790875022,-0.5370513366577732,0.26600124432150424,-0.21327310095637925,0
-0.8614418728775292,0.6308061818814552,0.8827889953416379,-1.8382413227448071,-0.14514421938380528,-1.4477397527990201,0.004274819539325604,-0.23066325319600448,-0.13986104797379112,1
-1.9874179848432956,-0.21629208116636375,1.0699988300754315,0.0018846942245164936,-0.021891366653497363,-0.708067100566295,-0.7074824699524059,-1.0088257021796454,1.5897987426552107,0
-0.020126971079552212,0.5181124535759261,-0.2088916336990642,0.3144616317309189,-1.2142283687366258,2.183223430377661,-1.699048382805949,-0.49830350001997387,0.41266496864801044,1
-0.5850379294659258,0.07646351460417489,0.5823695829896367,0.4438583441404092,-1.0232947871185882,0.6230245011091317,0.8504557592583155,1.1666327312904445,1.0077505843316905,0
-0.10884461051274369,-0.7071721909492344,-0.20059268933965682,-0.2546995293695151,-0.021891366653497363,-0.6622825337112589,1.7017377203772697,0.019781584577648004,0.7601700039025886,1
-1.0267553658944752,-0.3957386929423898,-0.1665168674204799,1.6674784566958196,0.07455535983215407,-0.7377947837664808,-0.9773158479456551,0.032160653236228846,0.5007573127215746,0
-0.1168109622174853,0.4209738034887554,0.10513855765928036,-0.7275393174481533,-0.021891366653497363,0.5619969191120391,-0.12761898387410864,-0.14309612430921784,0.2265517321714798,0
-2.0123856323546025,-0.4516234617702512,0.4475921437262538,0.9008030324370497,-1.0145191065664887,-0.35646806429594524,-1.5083458676019914,-1.241334994826091,0.25083390208744283,0
-0.8715858397910992,-0.1697186488940635,0.45304190437187375,-1.4327958284598994,-0.492130244289172,-0.7131723578532239,1.2243141638174118,-1.1138703668357,-1.0247774160076937,1
0.5663199251486217,0.8557651003059217,0.6279055938823421,-0.1426952400328078,0.2659084939863463,-1.384347185989031,-0.05580348820290576,-2.1373330252076608,1.1265329367400057,1
-0.02911655665188402,-0.5895376164757093,-0.46715597992450103,0.6897938169778978,0.5715358517308021,1.1340769332328593,0.23582925004112415,-0.21065795977914079,-1.0390895973594796,1
-0.7230518375727976,0.4559970430352636,0.9449393159476138,0.384919711559571,-0.12670554689044117,0.03560934998631033,-1.1215606288274735,0.019781584577648004,1.4883008070056982,0
-1.4097569015406561,-0.1039328488263885,-0.5153347179665095,0.46584437848347404,-0.3230229267397219,0.20027303784065636,0.9549214250147087,0.014623401479645396,0.735025146336508,0
1.6889263410352395,-0.7139514745892808,1.9218099259957055,-1.2276792005271608,3.093433379776122,0.791491427116903,-0.42937849324199817,-1.125015887285132,0.2891067076983396,1
-0.02911655665188402,-0.8576046507980858,0.6381663401162884,-0.035205563342322534,-0.9427422615383708,-0.5475142947700776,0.5638259017534435,0.5943419521573177,-1.1938139533287981,0
0.22989646313157217,-0.8898437364474162,1.1431368693284658,0.4994195000738957,-0.021891366653497363,-0.3653189039653538,0.15245580789545465,0.185662488104363,0.6756282068669424,0
0.13371368597562028,1.1907625033260913,1.6099943951076627,-1.1986174684299162,1.2086839046227853,-0.5250862663568977,0.8276364309788701,1.4710667340649237,0.25120007152723356,1
-1.0214521946843966,2.2901825580783366,2.477850062956677,-1.8519334368604348,0.9216016368600013,0.2796957786409726,0.6428153210476321,-0.3193316067840883,-0.25307655901637394,1
0.9377554958310214,0.08834805787327028,0.532143395736232,0.5044608992704405,0.5009495267650935,0.7804972333618658,-1.4593966767857731,-0.01035445841934529,-1.3385840395868394,0
-0.02911655665188402,-1.0438900910108733,0.7857055173518059,0.3263989082667061,1.2233860029521155,-0.7881712973046763,-0.03369306100507126,2.0702085245969624,0.6490124458549943,0
0.4612365528194861,0.6134108820026781,0.04994756985645026,0.5315983209077505,1.4270452582052577,-1.7276135316967327,-0.05593115921675688,0.16099512646329264,-0.10658628527111515,1
-0.02911655665188402,-0.9381503059195976,-0.22246906937275043,0.11064552537109577,0.5072374816930308,-0.09969735432947115,1.0468122839903393,-1.2814504903793815,-0.7036965941815148,0
-0.37836396059364746,-0.6258982358040273,1.8741413109771428,0.19673896060511817,-1.546907772190594,-1.6899772859187043,1.5457048367115989,0.9501737247270896,2.5231804256820123,0
0.15205398179427015,1.0267547064673506,0.31880171447800115,0.20335879616959618,-0.27503542417407717,-0.972600127315152,-1.4615003194583485,-0.987540975172374,0.0106062489555929,1
-1.36969065591377,-0.21044445262881414,-0.007897779801459774,-1.719357706754188,-0.021891366653497363,-1.155063180078356,0.12453640123474198,-1.0301000995254759,1.528954382478055,1
-0.3276468429252425,0.009309364808941858,-0.6666866504314342,0.096759953106311,-0.021891366653497363,-2.020826565678585,0.027169075874293923,-1.3163805823245112,1.6986975831049254,0
-0.02911655665188402,-1.4730680309735353,-0.7595476022466663,1.2229111473831535,-0.7427739910677097,1.671614840733296,0.6809644159579602,-0.860328009470454,2.6624077831208934,0
-2.373807679525759,-0.5241884778135463,0.7622522823811848,-1.1670678379957666,-1.1479556622111435,0.8957169863237315,-1.6255884465743733,0.6972935490138449,-0.8049655121909082,1
1.2605337332588364,0.5805902311408105,3.9334727585861864,-2.434199634154012,-5.692732617685073,1.4017675877667084,-1.5173037012402606,0.28508294543755514,0.4907676384056326,1
-0.06910826570922522,0.6861184992837848,-0.6589661167886185,0.34583157704188666,0.6107859380529447,-1.7962331826577482,0.9018249177987234,-0.07858407471503678,-0.7913480562855606,1
-0.8228541202973297,0.052467313314085794,-0.08280814621674587,1.2720053100511088,-0.2076997547420514,-1.4278006259187357,-0.3873434418235917,0.5048772047367354,1.1943078787577366,1
-0.8964954466702982,-0.18715421551648906,-0.18054399642206828,-0.5055095662797777,0.3703153032851866,1.4380362207395418,1.025839732967766,1.1407132933589395,0.16906051035843161,0
1.13393108446422,-0.3396048380841425,1.0414461698623727,0.9071763867678408,-0.021891366653497363,-0.24793846177471185,1.1859422289217652,0.3779218818224396,-0.2127301526125526,1
-0.263559341679508,-0.04241059613076575,-0.21707998750976673,0.40403992252094373,0.5696325644377244,-0.20232912226235875,0.9095591897889345,0.10545915864633187,-1.9741163865725295,0
0.7596952490985142,-0.8967259115081423,-0.9027782212492347,2.0882381334726365,-2.509231867184333,-0.457843468947189,-0.1739945216037074,-0.3314185951392514,1.2926308483808382,1
-0.1385402826076955,-0.27889788338346366,-0.324163501727008,-0.11768438169084064,-0.021891366653497363,0.007138856405675799,-0.5275701710672305,-1.3838076149110727,1.8023383869645735,0
-0.02911655665188402,0.3185730082154912,0.9882807388387621,-1.675308964695325,0.22696125649953344,-0.42770953487000846,0.3767413969353863,0.9535146639065607,-1.1143217320723524,0
1.2046755464365784,-0.08643643818314395,0.25095394092310847,-0.5779904597213052,-0.021891366653497363,1.2142545987510647,-1.3392708674932268,0.9483294391156607,0.9078739535533499,1
-0.02911655665188402,-0.773104588029753,-0.16644646095706525,-0.12947702349907125,0.9305827427606961,-0.9114894494251278,0.6308230106706363,-0.1926167731426154,0.006690641194499954,0
0.730480291105189,-1.571921467928863,1.6261288627431418,-1.6078167219831703,-0.9944700178953171,2.1851200907670427,1.7879695996029488,0.019781584577648004,-0.7261499193487801,1
-0.8420981547209985,-0.3165194163884162,-0.3371917679439567,0.8754006904297151,-0.13837617586781215,-0.012640467042766413,-0.30944809962036496,-0.8927468814642204,-0.31591227157765606,0
2.1778824936585712,0.059655761235428706,-1.5647391718433095,-0.9771339948889276,-0.04743033032880032,1.724306902689168,0.4061497931953237,-2.3687795634279474,0.7727309911535754,0
-1.0916635807329338,-0.975988587359565,-0.03786309004945016,-0.7032061679835195,-0.021891366653497363,0.31652255360615283,-0.2974211511461303,-0.6662830131279344,-1.540925207361933,0
0.692270951075416,0.6290321506258351,1.8532824699029233,0.09553414247992002,-0.6065637322783907,-1.8139006304912226,-0.39189680714436176,0.7743460284142902,0.5893779971410953,1
0.18254741124162385,-0.6159015493163057,-0.5924672340929127,0.604074340734356,-0.021891366653497363,-0.9053921604837173,-1.1024440130392736,-1.8265731794518625,-0.20186858787473538,0
-0.8271759525794566,-1.7404424821867683,-1.2354227887041136,-1.12580869938715,0.15583736829813152,0.2254328857524819,-1.1375472127354334,1.475441603046957,-0.853660757090158,1
-0.752578063799097,-0.29504484884804194,0.07704427147835925,0.8110345358212244,-0.06976116699220683,0.20566705630960108,-2.985969695738913,-0.022443842077815367,0.08121585041776183,0
-0.02911655665188402,-0.2953918399105366,0.4690870161514978,0.8749564538057772,-0.36232835753780607,1.3057930200921535,1.6873568472508471,-0.75319793301155,1.509368412909379,0
-1.176258496969754,1.3210315638778989,-0.41906778517626,-0.9748805348911946,1.7789870094056226,1.5196306910651758,-0.45528277151850843,0.8499288124186393,0.25739576936363984,1
0.8691738243658363,-1.2479800124629945,0.6041874800531452,-0.824290709369569,-0.021891366653497363,-0.8837577428091185,-1.966255208743013,0.19619278879525293,-1.5825243466548096,1
0.4435650345980337,1.3140380036644521,0.8471523833646531,2.270769883445453,-3.2457072960046314,0.16422710010506164,0.6266441621667403,0.019781584577648004,-1.8853851783334548,1
-0.09428083769007053,0.3112360425157875,0.24544005291892176,0.3705580489931064,0.637026465734575,1.5294541592377642,-1.7412487254918225,1.4077510085939973,1.014487388841852,0
-1.1611829836408736,1.8954315142144254,-1.3306431680079491,1.6010894713459933,-2.363912334675278,-0.3858200918190452,0.3608551657408283,-0.03187324310943065,0.03150769577436382,0
-0.4566079324289446,-0.5880016401845292,-0.17679439555378662,-0.4548529406190389,1.093594045703052,-0.6555898779220912,-0.7989154643697888,-0.2953496098797388,-0.4284927116666367,1
-0.7259485360363168,-1.7280142284817552,-0.15956060279927625,-0.1831446873983299,0.6637409964531762,0.7404961983260296,0.47298044177853404,-0.8222874932511599,2.3056842959223247,0
-1.2016862127674859,1.2751658889037791,-1.313917114539196,0.45303177487516066,-1.4446228822313945,0.8400550721116231,-0.5141010777791498,1.3271524624824234,-2.0774457964637967,0
0.26950191788508265,0.2617449772210201,0.36153647640822917,-0.13869563392074516,-0.16056384047590075,-1.4191349756604819,0.6871507138599926,0.4206458694568243,-0.5082423342243984,1
0.4737746300348995,-0.26377635541844646,-0.08898019924320699,2.19052941759981,1.5762469285833773,0.4291499994089109,-0.8661289983926648,0.9219571470125215,0.09496485264993383,1
0.47594766359759727,1.2985255302143481,0.6787190073886098,-0.3938047425952806,0.6241835826632067,0.6890873556516154,1.3244241554291536,-1.0210933809068372,0.3586925637492478,1
0.48906688923333186,-0.19073636495623528,-0.18726356155729035,1.3109905073373624,0.05325267667329314,-0.6038789417701308,0.19939578694596105,0.4489581590244522,-1.131773930654291,0
